#gameProperties

resX:1900

resY:950

maxFPS:60



#difficultyBlock

paddleVelocity:428.489990

ballVelocity:1.000000

powContainerVelocity:321.367493

