#gameProperties

resX:1900

resY:1000

maxFPS:60



#difficultyBlock

paddleVelocity:243.359985

ballVelocity:0.250000

powContainerVelocity:182.519989

